1
2
3
4
6
9
12
16
24
36
54
81
108
144
192
256
384
576
864
1296
1944
2916
4374
6561
8748
11664
15552
20736
27648
36864
49152
65536
98304
147456
221184
331776
497664
746496
1119744
1679616
2519424
3779136
5668704
8503056
12754584
19131876
28697814
43046721
57395628
76527504
102036672
136048896
181398528
241864704
322486272
429981696
573308928
764411904
20971519
360710143
813694975
419430398
226492413
301989884
452984826
679477239
520093682
780140523
671088608
8388559
511705015
268435346
402653019
104857352
157286028
235929042
353893563
31718168
47577252
71365878
107048817
659695402
989543103
985192478
479544364
719316546
80730466
121095699
680765725
522026411
283917440
425876160
638814240
958221360
439087687
159509354
878175374
838152381
119292155
824552442
