1
2
3
4
6
9
12
16
24
36
54
81
108
144
192
256
384
576
864
1296
1944
2916
4374
6561
8748
11664
15552
20736
27648
36864
49152
65536
98304
147456
221184
331776
497664
746496
1119744
1679616
2519424
3779136
5668704
8503056
12754584
19131876
28697814
43046721
57395628
76527504
102036672
136048896
181398528
241864704
322486272
429981696
573308928
764411904
20971519
360710143
813694975
419430398
226492413
301989884
452984826
679477239
520093682
780140523
671088608
8388559
511705015
268435346
402653019
104857352
157286028
235929042
353893563
31718168
47577252
71365878
107048817
659695402
989543103
985192478
479544364
719316546
80730466
121095699
680765725
522026411
283917440
425876160
638814240
958221360
439087687
159509354
878175374
838152381
119292155
824552442
101158903
467626655
290754089
54924001
405980119
874054943
832658473
444715062
592953416
457856437
943223367
259386803
13100953
350216055
466954740
622606320
830141760
108611327
810311338
414918882
553225176
737633568
983511424
645852330
861136440
149937567
199916756
932051910
399833512
599750268
899625402
351193750
526790625
291063761
935717818
405332374
607998561
412875665
120191321
679409158
20869384
31304076
46956114
70434171
604773433
408037973
112934783
668524351
503664350
755496525
634122611
452061740
678092610
18894562
28341843
541634941
313330235
969117529
954554117
932708999
899941322
351667630
527501445
292129991
937317163
906853568
362035999
43931822
65897733
597968776
896953164
347185393
21655913
531606046
797409069
696991427
546364964
819547446
231076816
346615224
519922836
779884254
171582028
257373042
386059563
79967168
119950752
179926128
269889192
404833788
607250682
910876023
216257011
621090799
162624830
882329342
843691005
126676987
501650767
3371454
4495272
5993696
673487830
232487538
309983384
80563061
772913650
365055298
819488515
427155118
902288275
537554798
383991613
844736935
460819678
947174355
264654787
685621167
914161556
886133957
848763825
133440747
177920996
902724230
870884189
828430801
439078166
252689437
669667367
560141705
414107489
219395201
958023170
944616109
593991910
126492978
168657304
557624523
743499364
325836250
767196451
357432366
476576488
968183435
958163129
944802721
594240726
792320968
390931722
521242296
694989728
593904853
126376902
168502536
224670048
299560064
449340096
674010144
12770863
518278471
278295530
417443295
127042766
190564149
784968400
179208247
767934547
652779644
979169466
470509846
705764769
559524977
340165289
11125757
515810812
773716218
162329974
243494961
864364618
298302574
447453861
172058615
757210099
636692972
955039458
434314834
651472251
478086200
717129300
77449597
615296572
922944858
386172934
579259401
369766925
55528211
582414493
374499563
62627168
93940752
140911128
211366692
317050038
475575057
214240409
820482790
232479832
348719748
523079622
784619433
677806973
517588283
277260248
415890372
623835558
935753337
904507829
857639567
787337174
182761408
274142112
411213168
616819752
925229628
389600089
85277957
627039112
940558668
412593649
119768297
678774622
19917580
29876370
44814555
566344009
350393837
26468579
538825045
309115391
962795263
945070718
419361724
629042586
943563879
916223642
376091110
564136665
347082821
21502055
531375259
297940712
446911068
670366602
7305550
10958325
515559664
773339496
161764891
741769513
613532093
421175963
132641768
198962652
298443978
447665967
172376774
258565161
886969918
332210524
498315786
747473679
622088342
933132513
900576593
851742713
778491893
668615663
503801318
755701977
634430789
452524007
179663834
269495751
903365803
538991502
718655336
625458997
168449094
224598792
299465056
732034859
643298361
857731148
810893413
415694982
554259976
73517066
763518990
19780967
691870858
256998242
9916205
678717842
572209005
762945340
351764218
801767075
736274649
981699532
643436474
525167181
700222908
933630544
579344490
772459320
31701407
707764778
610938253
149088102
198784136
930541750
575226098
434220013
911708135
882862729
511654070
349457309
133194961
510341399
347707081
796357559
729061961
639334497
852445996
471098426
295383117
393844156
857873659
478335310
970528531
628541806
172559506
562827459
750436612
335085914
114033101
817540370
757305709
344244710
126244829
833822674
446267330
262274989
682448103
909930804
214996719
286662292
714964507
287789774
50971581
67962108
90616144
453569643
604759524
806346032
742379925
989839900
654290298
872387064
164938399
552665983
71391742
427937107
903330927
206196883
607677295
144740158
525734995
35483758
380059795
839494511
786577897
383274294
511032392
348628405
797585991
65203635
86938180
448665691
930969039
243047699
989559834
321168759
428225012
238218565
650372871
867163828
490722202
987044387
983311065
312837067
749864207
667070825
556679649
742239532
324156474
432208632
576278176
102874666
469914339
626552452
169907034
254860551
881413003
822997328
236251639
853499635
781127276
173446561
759292018
140693674
211040511
815682943
724402238
88359004
132538506
198807759
797333815
696878546
47073466
70610199
605037475
408434036
612651054
918976581
879342695
819891866
231593446
347390169
21963077
532066792
798100188
198905929
797481070
197977252
296965878
445448817
169051049
752698750
130803772
196205658
294308487
940584907
911755184
369388423
54960458
82440687
622783207
435052634
652578951
479746250
719619375
580306886
870460329
806568317
710730299
566973272
850459908
277445509
915290440
374691307
62914784
94372176
141558264
212337396
318506094
477759141
217516535
825396979
738973292
110215585
664445554
996668331
995880320
495576127
244242014
366363021
50422355
574755709
363011387
45394904
68092356
102138534
153207801
728933878
95156464
142734696
214102044
321153066
481729599
223472222
335208333
3690323
504657661
257864315
885918649
829755797
745511519
619145102
928717653
893954303
841809278
264469564
396704346
595056519
393462602
590193903
386168678
579253017
369757349
55513847
582392947
374467244
561700866
842551299
764704772
148812805
722341384
85267723
627023761
441413465
162998021
743619208
117184459
674898865
513226121
270717005
905197684
359552173
40206083
559431301
340024775
10914986
16372479
523680895
286399166
429598749
145275947
717036097
576431969
365525777
49166489
572871910
859307865
789839621
685637255
529333706
794000559
691878662
39573640
59360460
89040690
133561035
699463729
550073417
325987949
988104100
483911797
226745519
839240455
759738506
141363406
212045109
817189840
227540407
840432787
761527004
144046153
715191406
74542756
111814134
167721201
750703978
127811614
191717421
786698308
181803109
771826840
159495907
738366037
608426879
413518142
620277213
431293643
147818288
221727432
332591148
498886722
748330083
623372948
935059422
404344780
606517170
909775755
865541456
300067831
949223923
924713708
388826209
84117137
625297882
937946823
907798058
363452734
545179101
318646475
977091889
966515657
950651309
926854787
891160004
338495653
8621303
512054131
268959020
403438530
605157795
408614516
612921774
919382661
879951815
820805546
232963966
349445949
25046747
536692297
305916269
957996580
438750517
159003599
737627575
607319186
910978779
867345992
302774635
953284129
930804017
897083849
846503597
770633219
656827652
985241478
479617864
719426796
80895841
620465938
930698907
896926184
347144923
21595208
32392812
48589218
72883827
608447917
413549699
121202372
181803558
272705337
363607116
484809488
313664533
750967495
335793758
114976893
153302524
537151483
50705742
67607656
422891659
896603663
862723433
817549793
757318273
344261462
126267165
168356220
224474960
964796182
620898674
495116781
660155708
547459493
397197873
529597164
706129552
276009834
368013112
823432267
432413454
576551272
103238794
470399843
294451673
59854113
79805484
106407312
141876416
854664790
474056818
964823875
620935598
495166013
327473233
769379095
360342558
480456744
640608992
521397205
29700038
705096286
274632146
33428077
377318887
835839967
448957054
931357523
909061913
879334433
839697793
454100822
272719645
696374311
263002846
683418579
911224772
882218245
510794758
15563442
20751256
360416459
147807161
862572450
151852247
867965898
159043511
877554250
504576098
340020013
786108135
49899827
732029338
310542882
414057176
219328117
625185607
168084574
556860883
76984942
435394707
580526276
441286917
588382556
451761957
602349276
803132368
405346922
207714445
609700711
147438046
529332179
373028121
497370828
663161104
218718570
291624760
721581131
629360057
506398625
342450049
789348183
54219891
72293188
429139035
572185380
762913840
351722218
801711075
70703747
759767898
14779511
685202250
913603000
552641098
71358562
427892867
237775705
649782391
200880286
600588499
135288430
513132691
18680686
357655699
809622383
746748393
995664524
994804581
328161755
104800889
805230754
408144770
211444909
614674663
154069982
870922878
162986151
217314868
622501275
830001700
441172698
588230264
451558901
269330417
26359105
367893591
490524788
321284933
95631793
460257175
946424351
929151017
906119905
542663638
58055282
742903278
990537704
987968821
651795526
203564466
271419288
361892384
149775061
532448199
709930932
946574576
929351317
573638854
99355570
465222211
953044399
605229630
806972840
743215669
325457990
101195869
467675943
623567924
498675781
997649159
997450761
331689995
109505209
478755063
638340084
851120112
136582463
847606186
464645346
619527128
493288053
657717404
544208421
725611228
301985402
69899085
93198780
124265040
165686720
886411862
849134365
466682918
289495773
385994364
514659152
353464085
138537329
850212674
800868781
402328806
536438408
382503093
510004124
347257381
795757959
62766259
416436463
887996735
851247529
469500470
293252509
723751463
632253833
510256993
14846422
352543347
470057796
626743728
835658304
115966719
154622292
206163056
940380310
588344178
784458904
380448970
840013411
454521646
938776979
918954521
892524577
524536534
33885810
45181080
60241440
90362160
135543240
203314860
304972290
457458435
187065476
280598214
420897321
132223805
697457884
47942473
571035886
856553829
785708567
679440674
20916658
31374987
546184657
320154809
979354390
470787232
706180848
61026919
590662555
386871656
580307484
870461226
307447486
461171229
192634667
788074177
682989089
525361457
288920009
932502190
400508932
600763398
901145097
852595469
779771027
670534364
7557193
510457966
765686949
649408247
474990194
712485291
569605760
854408640
283368607
924175087
887140454
332466328
498699492
748049238
123829504
185744256
278616384
417924576
626886864
940330296
412251091
119254460
178881690
268322535
901605979
853286792
281685835
921650929
883354217
825909149
739741547
610490144
915735216
375358471
63915530
95873295
642932119
465276002
697914003
547748828
821623242
234190510
351285765
27806471
540831883
312125648
468188472
702282708
55179709
581891740
872837610
311012062
466518093
200654963
800104621
701034755
552429956
828644934
244723048
367084572
550626858
825940287
739788254
111438028
167157042
250735563
875225521
813716105
721451981
583055795
375461516
563192274
844788411
768060440
153846307
729891637
595715279
394450742
591676113
388391993
83465813
624320896
936481344
406477663
110594318
165891477
747959392
123694735
684664279
527874242
791811363
688594868
34647949
551094100
826641150
241717372
362576058
543864087
316673954
475010931
213394220
320091330
480136995
221083316
331624974
497437461
247034015
869673199
805387622
209837080
314755620
472133430
708200145
563178041
345644885
19345151
528139903
293087678
439631517
160325099
739609825
610292561
416316665
125352821
687151408
32482759
547846315
322647296
483970944
725956416
90690271
635157583
453614198
680421297
521509769
283142477
923835892
387509485
82142051
622335253
434380703
152448878
228673317
842132152
264953875
896552989
845707307
769438784
155913823
732992911
600367190
900550785
851704001
778433825
668528561
503670665
256383821
883697908
327302509
990075940
486869557
231182159
845895415
769720946
156337066
234505599
850880575
777198686
167553676
251330514
376995771
66371480
99557220
149335830
224003745
835127794
254447338
381671007
73384334
110076501
664236928
996355392
496288735
245310926
367966389
52827407
578363287
368422754
552634131
329829020
494743530
742115295
614050766
921076149
882492047
824615894
238679488
358019232
537028848
805543272
210070555
814228009
722219837
584207579
377189192
565783788
848675682
274769170
412153755
119108456
178662684
267994026
401991039
103864382
155796573
732817036
100981201
650593978
975890967
964714274
448827058
673240587
510738704
766108056
150917731
725498773
589125983
384566798
576850197
366153119
50107502
75161253
611864056
917796084
378449773
68552483
601950901
403804175
106584086
159876129
738936370
110160202
165240303
746982631
621351770
932027655
898919306
350134606
525201909
288680687
932143207
899092634
350394598
525591897
289265669
933020680
401286667
102807824
154211736
231317604
346976406
520464609
281574737
921484282
383982070
575973105
364837481
48134045
571323244
856984866
287232946
430849419
147151952
220727928
331091892
496637838
744956757
618312959
428347262
642520893
464659163
197866568
296799852
445199778
667799667
502577324
753865986
132554626
198831939
797370085
696932951
546277250
819415875
730001636
96758101
644259328
966388992
451339135
177886526
266829789
899366860
350805937
27086729
539752270
809628405
715320431
573858470
860787705
792059381
688966895
534328166
801492249
703116197
555552119
334206002
501309003
252841328
379261992
568892988
853339482
281764870
422647305
134848781
701395348
53848669
579895180
869842770
306519802
459779703
190547378
285821067
927853777
892658489
839865557
760676159
641892062
962838093
945134963
918580268
379626049
70316897
604597522
906896283
861222248
293589019
939505705
910136381
866082395
800001416
201757771
801758833
703516073
556151933
335105723
3536408
5304612
7956918
11935377
517025242
775537863
664184618
996276927
995293214
494695468
742043202
114820450
172230675
757468189
637080107
456497984
684746976
28876111
542436343
314532338
471798507
208575584
312863376
469295064
703942596
57669541
585626488
878439732
319415245
978245044
469123213
204562643
805966141
709827035
565618376
848427564
274396993
910717666
367832146
551748219
328500152
492750228
739125342
110443660
165665490
248498235
871869529
808682117
713900999
571729322
857593983
787268798
182658844
273988266
410982399
117351422
176027133
763162876
146499961
718872118
80063824
120095736
180143604
270215406
405323109
108862487
662415907
494501684
741752526
114384436
171576654
257364981
885169648
329510119
993387355
990958856
488193931
233168720
349753080
524629620
786944430
182172292
273258438
409887657
115709309
672686140
10784857
515299462
772949193
660301613
491330243
237873188
356809782
535214673
303699833
954671926
433763536
650645304
975967956
465707581
199439195
798280969
698299277
548326739
323367932
485051898
727577847
592244594
888366891
833428160
251897887
876969007
816331334
226252648
339378972
509068458
763602687
19892563
359271535
811776831
84124755
112166340
149555120
864903062
820455965
761193169
349427990
133155869
843037394
791301741
56824635
75766180
433769691
578359588
105649882
473614627
964234287
287401363
715949935
289103678
52723453
403046055
537394740
716526320
622620309
830160412
441384314
255764301
341019068
121943973
162591964
549537403
67220302
422375187
563166916
85392986
779353550
706389949
276357030
368476040
158553269
876900594
170956439
893438154
193006519
590090143
121290622
494468947
992040047
989971945
654466358
539873693
387083473
848859415
466316318
289006973
52594513
402874135
869913631
494388606
659184808
213416842
617303907
823071876
99184815
132246420
176328560
900600982
535305074
380991981
507989308
11822842
348511907
131934425
841408802
789130285
386677478
182821853
909258706
546848706
729131608
306679242
408905656
877955659
505111310
340733629
787059623
716664713
622804833
830406444
108964239
145285652
859210438
480117682
972905027
964458585
287700427
716348687
622383465
829844620
440963258
255202893
340270524
453694032
604925376
806567168
742674773
657484913
543898433
392449793
190518273
254024364
338699152
784346987
713047865
617982369
823976492
765887205
22938587
696081018
928108024
571981130
429893389
905939303
875170953
168650251
557615119
77990590
436735571
249565977
332754636
443672848
924311915
899667769
534060790
46584818
727609326
970145768
960779573
948291313
598892182
133026674
842865134
791072061
56518395
75357860
765973382
688549725
918066300
225844047
301125396
401500528
868082155
491946638
323180733
430907644
907291643
876974073
171054411
228072548
969592966
627294386
503644397
338777745
451703660
269523429
359364572
146404645
527954311
38442846
51257128
401090955
534787940
380302469
174321841
565177239
753569652
6515183
674183146
233414626
643967619
858623492
812083205
750029489
667291201
224225366
964463390
953203069
605441190
807254920
410843658
547791544
64892490
86523320
780860662
375651314
168120301
556908519
742544692
324563354
100003021
466085479
954195423
274016211
365354948
154391813
871351986
163558295
883573962
179854263
239805684
319740912
426321216
568428288
757904384
677791061
570973297
95801494
460483443
613977924
818637232
426020074
900774883
535536942
714049256
619317557
493008625
990092951
987375817
651004854
868006472
824593845
101214107
800448378
69020151
92026868
788198726
718183517
624829905
833106540
112564367
815582058
89198391
118931188
491323035
655097380
207966938
942785486
924299197
566902694
423122141
231414737
974049218
965984173
622482662
497228765
330223569
440298092
254316005
6339889
341201303
122186953
495664055
328137289
770264503
361523102
149282685
199043580
265391440
686603371
249974926
666048019
222567790
629505171
839340228
120875951
826664170
436722658
915044995
554563758
739418344
320394890
94445069
791422994
722482541
630561937
175253014
566418803
422476953
563302604
418322021
225014577
300019436
67277797
422451847
896017247
861941545
483759158
312264093
416352124
887884283
851097593
802048673
736650113
649452033
865936044
156337039
541197503
388848553
851212855
469454238
625938984
834585312
114536063
818210986
425451746
234520877
978190738
638758082
518929325
359157649
811624983
83922291
111896388
149195184
198926912
930732118
575479922
434558445
579411260
439800229
919148423
892783113
192133131
256177508
8821893
11762524
348431483
131827193
841265826
123443415
164591220
219454960
625354731
833806308
113497391
816826090
423605218
897555075
198495747
264660996
352881328
803256555
72764387
762515418
18442871
690086730
920115640
561324618
748432824
997910432
997799125
664902598
221040562
627468867
836625156
117255855
156341140
541202971
56107726
407558419
876159343
502716222
670288296
893717728
526127402
368755085
158925329
877396674
171617879
894320074
526930530
702574040
604017269
472608241
962892439
618360350
491732349
655643132
541442725
56427398
740732766
987643688
984110133
313902491
85788537
114384716
818009190
92434567
455994207
607992276
810656368
415378922
221090445
294787260
393049680
524066240
366006869
155261041
539762839
54187550
737746302
983661736
646052746
195907426
593958019
126447790
501345171
668460228
891280304
855625621
475337926
966532019
955961241
276370635
368494180
824073691
433268686
910439699
881171481
176650955
901030842
203130103
603588255
804784340
740297669
654315441
872420588
830479333
441809542
921827507
896355225
196895947
595276047
793701396
60024175
412780351
883121919
179251539
239002052
984165638
979472733
307719291
410292388
879804635
840324729
122188619
828414394
439056290
252660269
4132241
671005890
894674520
194655007
592288127
456969385
942040631
923306057
898326625
532272598
44200562
724430318
633158973
844211964
127371599
835325034
115522359
154029812
870869318
828410973
106303611
141738148
521732315
362894969
151111841
866978690
823223469
99386939
798012154
398519970
531359960
375731829
500975772
667967696
557875477
78337734
104450312
804763318
407521522
876110147
835398745
448368758
265076893
686183975
582163849
110722230
147629640
196839520
595200811
393679040
590518560
885777840
330422407
994755787
993011504
491272903
237787178
356680767
35898974
53848461
579894868
869842302
306519100
459778650
689667975
535379786
803069679
705482342
59979160
89968740
134953110
202429665
802766674
205905658
308858487
962409907
944492684
418494673
128619833
692051926
39833536
59750304
89625456
134438184
201657276
302485914
453728871
181471130
272206695
907432219
862026152
294794875
941314489
912849557
870152159
806106062
210914740
316372110
474558165
212715071
818194783
728169998
94010644
141015966
211523949
816408100
226367797
838673872
259766455
888771859
834035612
252809065
878335774
319259308
478888962
718333443
578377988
867566982
303106120
454659180
681988770
24738802
37108203
554784481
333054545
459641
499811638
749717457
625454009
439058837
159466079
738321295
608359766
912539649
869687297
805408769
708990977
564364289
347424257
22014209
532143490
798215235
698200676
49056661
572707168
859060752
290346775
934642339
902841332
356017645
34904291
551478613
328095743
991265791
987776510
483420412
725130618
89451574
134177361
700388218
52337974
78506961
616882618
925323927
888863714
335051218
502576827
254743064
382114596
573171894
859757841
790514585
686649701
530852375
297156386
445734579
169479692
254219538
381329307
72871784
109307676
163961514
245942271
868035583
802931198
206152444
309228666
463842999
196642322
294963483
941567401
913228925
870721211
806959640
212195107
817414837
727000079
591377942
887066913
831478193
748095113
623020493
435408563
153990668
230986002
346479003
20596328
30894492
46341738
69512607
603391087
405964454
608946681
414297845
122324591
682609063
524791418
787187127
681658514
24243418
36365127
553669867
331382624
497073936
745610904
120172003
679380181
519948095
280799966
421199949
132677747
698138797
548086019
323006852
484510278
726765417
591025949
387416747
82002944
123004416
184506624
276759936
415139904
622709856
934064784
402852823
105157058
157735587
735725557
604466159
407577062
611365593
417926213
127767143
690772891
537037160
805555740
210089257
814256062
223139740
334709610
502064415
253974446
380961669
72320327
607602667
412281824
618422736
927634104
393206803
90688028
136032042
204048063
805194271
708669230
64759492
97139238
145708857
717685462
78283840
117425760
176138640
264207960
396311940
594467910
891701865
838430621
758523755
638663456
957995184
438748423
159000458
238500687
856873207
786187634
181037098
271555647
906455647
860561294
292597588
438896382
658344573
488394683
233469848
350204772
525307158
787960737
682818929
525106217
288537149
931927900
399647497
100349069
649645780
974468670
463458652
695187978
44537614
66806421
599331808
898997712
350252215
26256146
39384219
558198505
338175581
8141195
511333969
267878777
900940342
353166160
529749240
794623860
193691437
789659332
186244645
778489144
169489363
753356221
630912155
447246056
670869084
8059273
511211086
766816629
651102767
477531974
716297961
575324765
363864971
46675280
70012920
105019380
157529070
236293605
853562584
282099523
922271461
884285015
827305346
242713666
364070499
46983572
70475358
105713037
657691732
986537598
481562044
722343066
85270246
127905369
690980230
38225992
57338988
86008482
129012723
692641261
539839715
310637396
465956094
698934141
549279035
324796376
487194564
730791846
97943416
146915124
220372686
330559029
994960720
494196727
242172914
363259371
45766880
68650320
102975480
154463220
231694830
347542245
22191191
532408963
299491268
449236902
673855353
511660853
268369103
901675831
853391570
281843002
422764503
135024578
202536867
802927477
705269039
558781382
838172073
758135933
638081723
458000408
687000612
32256565
547507024
821260536
233646451
849591853
775265603
663776228
995664342
495252160
742878240
116073007
673231687
510725354
766088031
650009870
975014805
963400031
945977870
420722452
631083678
946625517
920816099
882101972
324908605
986485084
481483273
223102733
833776276
252420061
877752268
318384049
976698250
466803022
700204533
551184623
327654758
491482137
238101029
856273720
286166227
928371517
893435099
841030472
263301355
894074209
841989137
763861529
646670117
470882999
207202322
310803483
965327401
948868925
924181211
887149640
332480107
997842337
997641329
997339817
996887549
996209147
995191544
494542963
242692268
364038402
546057603
319964228
479946342
719919513
580757093
372013463
58898018
88347027
631642717
448341899
173390672
260086008
390129012
585193518
877790277
817563239
727222682
92589670
138884505
707448934
62929048
94393572
141590358
212385537
817700482
228306370
342459555
14567156
21850734
32776101
548286328
822429492
235399885
852222004
280088653
919255156
380638381
71835395
606875269
411190727
117663914
176495871
763865983
646676798
970015197
955900619
934728752
403848775
106650986
159976479
739086895
609508166
914262249
872271197
809284619
714804752
73962775
610066339
415977332
623965998
935948997
904801319
858079802
288875350
433313025
150847361
725393218
89845474
134768211
701274493
552789563
330062168
495093252
742639878
115715464
173573196
260359794
390539691
86687360
130031040
195046560
292569840
438854760
658282140
987423210
482890462
724335693
587381363
381949868
572924802
859387203
789958628
186693589
779162560
170499487
754871407
633184934
949777401
925543925
889193711
834668390
253758232
380637348
570956022
856434033
785528873
679171133
519634523
280329608
420494412
630741618
946112427
920046464
381825343
73615838
110423757
664757812
997136718
497460724
746191086
121042276
181563414
272345121
907639858
363215434
544823151
318112550
477168825
216631061
824068768
237858799
855910375
784743386
178870726
268306089
901581310
354127612
531191418
796787127
696058514
45843418
68765127
602269867
404282624
606423936
909635904
366209503
50192078
75288117
612054352
918081528
378877939
69194732
103792098
155688147
732654397
599859419
400666952
601000428
901500642
354006610
531009915
297392696
446089044
669133566
5455996
8183994
12275991
517536163
277182068
415773102
623659653
436367303
155428778
233143167
848836927
774133214
162955468
244433202
366649803
50852528
76278792
114418188
171627282
257440923
885283561
828803165
744082571
617001680
925502520
390009427
85891964
128837946
193256919
789007555
684389156
28339381
541631248
812446872
220425955
829761109
745519487
619157054
928735581
893981195
841849616
264530071
895917283
844753748
268886269
902451580
355433017
34027349
550163200
825244800
239622847
858556447
788712494
184824388
277236582
415854873
124660133
686112376
30924211
545508493
319140563
977833021
967627355
952318856
430233931
146228720
219343080
329014620
493521930
740282895
611302166
916953249
876307697
815339369
723886877
586708139
380940032
571410048
857115072
287428255
930264559
896274662
346167640
519251460
778877190
170071432
255107148
382660722
573991083
361864448
542796672
814195008
223048159
833694415
751419446
128884816
193327224
289990836
434986254
652479381
479596895
220273166
330409749
994736800
493860847
241669094
362503641
44633285
566072104
849108156
275417881
912248998
370129144
555193716
832790574
250941508
376412262
564618393
347805413
22585943
533001091
300379460
450569190
675853785
514658501
272865575
908420539
863508632
297018595
944650069
917852927
877657214
318241468
477362202
716043303
574942778
862414167
794499074
193504258
290256387
934506757
902637959
854834762
284007790
426011685
139895351
708965203
564325628
846488442
271488310
407232465
111726521
666711958
1823584
2735376
4103064
6154596
9231894
13847841
519893938
779840907
670639184
7714423
510693811
266918540
400377810
600566715
401727896
602591844
903887766
357587296
536380944
804571416
208612771
812041333
718939823
579287558
868931337
804274829
707290067
561812924
842719386
265834726
398752089
99005957
647631112
971446668
458925649
189266297
783021622
176288080
264432120
396648180
594972270
892458405
839565431
760225970
142094602
213141903
818835031
729130370
95451202
143176803
713887381
571708895
358441166
537661749
307370447
960177847
941144594
413472538
620208807
431191034
646786551
471057650
706586475
560757536
841136304
263460103
894312331
842346320
265275127
897034867
846430124
271400833
906223426
361090786
541636179
313332092
469998138
704997207
558373634
837560451
757218500
137583397
705497272
60001555
589124509
384564587
77724704
116587056
174880584
262320876
393481314
590221971
386210780
579316170
868974255
804339206
208264456
312396684
468595026
702892539
555216632
832824948
250993069
875611780
315173317
971882152
459578875
190246136
285369204
428053806
642080709
463998887
196876154
295314231
942093523
914018108
372782809
60052037
589200232
883800348
327456169
990306430
487215292
730822938
97990054
146985081
719599798
81155344
121733016
182599524
273899286
410848929
117151217
674849002
14029150
21043725
530687764
796031646
195803116
293704674
440557011
161713340
242570010
363855015
46660346
69990519
604107955
407039756
610559634
915839451
874637000
313711147
969688897
955411169
933994577
901869689
853682357
781401359
672979862
11225440
16838160
25257240
37885860
56828790
85243185
626986954
940480431
911598470
369153352
553730028
830595042
247648210
371472315
58086296
87129444
130694166
196041249
793184050
191531722
287297583
930068551
895980650
345726622
518589933
278762723
917266261
876777215
816043646
225821116
338731674
508097511
263024090
394536135
92682026
139023039
707656735
562362926
843544389
766194407
650169434
975254151
963759050
447394222
671091333
507514823
262150058
393225087
90715454
136073181
703231948
56603569
584027530
876041295
814939766
224165296
336247944
504371916
756557874
136592458
204888687
806455207
710560634
67596598
101394897
651214522
976821783
966110498
450921394
676382091
515450960
773176440
161520307
741402637
612981779
420350492
630525738
945788607
919560734
381096748
571645122
857467683
787079348
182374669
772684180
160781917
740295052
112198225
667419514
2884918
4327377
505613242
758419863
638507618
957761427
937519964
408035593
112931213
668518996
4534141
505923388
758885082
140083270
210124905
814309534
223219948
334829922
502244883
254245148
381367722
572051583
762735444
18736239
24981652
366056987
155327865
207103820
941634662
922764765
232108667
974974458
301721591
69547337
758226018
12723671
682461130
244451938
658684035
878245380
172749487
563080767
750774356
668284357
225549574
633480883
179144942
904356158
873060093
165835771
553862479
72987070
430064211
573418948
99062362
464831267
287026905
382702540
843018171
125779875
167706500
889104902
852725085
138722427
184963236
246617648
994319766
327515335
769435231
360417406
813304659
86161859
780378714
42260599
389095583
186045993
248061324
330748432
773746027
366165134
155472061
540044199
720058932
960078576
281860415
43065769
390169143
520225524
693634032
924845376
234882815
978673322
972149645
963451409
951853761
270893995
693940111
259757246
13594877
683622738
911496984
217084959
289446612
385928816
181823637
242431516
655990139
541905401
389792417
186975105
249300140
997896422
997780445
997625809
664671510
886228680
183393887
910021418
880613773
508655462
345459165
460612220
281401509
375202012
833017467
112445603
815423706
88987255
451397791
934611839
913401001
552371766
736495688
649246133
532913393
377803073
170989313
893481986
858561197
812000145
84422507
778059578
704664653
606804753
809073004
413267770
883771811
845614297
461989494
615985992
821314656
96841855
461870591
283079337
377439116
170504037
227338716
303118288
736905835
317044878
422726504
230887221
307849628
77718053
769120306
359997506
147248557
529079527
39943134
53257512
71010016
427428139
902652303
205292051
939218970
254047607
5982025
340724151
454298868
605731824
807642432
78612223
437564415
583419220
112396058
815357646
88899175
451280351
268959017
25863905
699981442
267812354
24335021
697942930
265094338
686207235
914942980
554427738
739236984
985649312
981450965
975853169
968389441
625689686
501504797
335924945
115151809
486283863
648378484
199008410
930840782
908372925
212919547
616640847
822187796
763502277
19758683
691841146
256958626
675359619
900479492
867891205
491692038
655589384
541371061
56331846
75109128
100145504
799023574
399868530
533158040
378129269
171424241
894061890
193838167
591199007
455517225
607356300
809808400
414248298
552331064
403693301
205509617
939509058
254434391
6497737
341411767
787963807
385122174
513496232
351913525
801966151
403791966
538389288
717852384
957136512
277937663
37835433
50447244
67262992
422432107
895990927
529158334
40048210
386145731
182112857
908313378
212840151
283786868
45634373
726342066
968456088
293030431
723455359
299110910
66066429
88088572
450199547
267517945
689438711
586503497
449256545
266260609
687762263
584268233
446276193
595034924
460631781
614175708
818900944
426371690
235747469
979826194
640938690
854584920
141202207
521017727
361942185
482589580
976200891
303356835
404475780
539301040
53571818
736925326
317070866
90013037
785513618
714603373
287308262
50329565
732602322
976803096
304159775
72798249
97064332
462167227
948971087
932546665
577899318
770532424
361880330
149758989
199678652
931734438
244068231
325424308
766647195
23951907
31935876
42581168
722271126
963028168
618541322
491973645
655964860
209123578
611579555
482691289
976336503
303537651
404716868
206874373
608580615
811440820
416424858
555233144
407562741
543416988
724555984
300578410
733519331
645277657
194873974
592580083
124610542
498895507
997942127
997841385
332210827
775695887
701513065
269854518
359806024
812489483
750571193
668013473
557936513
411167233
880971095
841880009
789758561
720263297
627602945
504055809
672074412
896099216
862050837
151156763
867038586
157807095
210409460
946042182
263145223
683608415
578729769
771639692
696104805
928139740
572023418
429949773
573266364
764355152
686392085
582441329
443840321
259038977
12637185
16849580
687962342
584535005
446631889
928257303
239432051
984738970
647489058
863318744
818343541
425628486
567504648
756672864
10652799
14203732
351686427
468915236
292472197
722711047
298118494
730239443
640904473
189043062
252057416
3328437
4437916
338665339
784301903
712987753
285154102
712953587
617856665
491060769
654747692
540248805
720331740
960442320
282345407
43712425
391031351
188627017
584250807
779001076
373171866
497562488
330668533
773639495
698771209
266198710
687679731
916906308
224297391
299063188
731499035
642583929
856778572
476875194
635833592
515030005
21210438
28280584
370455563
161192633
880419746
841144877
788778385
386208278
182196253
575676455
434820489
579760652
440266085
254273329
671779223
562957513
85113782
778981278
40397351
719359370
626397709
169700710
559015731
745354308
993805744
659578090
213941218
618003075
824004100
433175898
577567864
104594250
139459000
518693451
691591268
589373573
453083313
604111084
139985210
852143182
470694674
294844781
60378257
746000578
329171202
438894936
585193248
780257664
42099199
388880383
851255295
136762707
182350276
575881819
102346190
801957822
71032743
94710324
126280432
501122027
335414585
114471329
818124674
758084781
12535355
682210042
244117154
990985774
655818130
208927938
278570584
704175563
606152633
475455393
633940524
845254032
128761023
171681364
561656603
416127353
222088353
296117804
62075621
748263730
332188738
775666435
368725678
824382355
433680238
910988435
881903129
843122721
125919275
833388602
778436685
39671227
385643087
181442665
574671671
433480777
910722487
548800414
66237650
753813102
6839783
674615946
899487928
533821002
711761336
616266997
156193094
873753694
499508690
333263469
444351292
925216507
568125774
757501032
11757023
681172266
908229688
545476682
394554125
193324049
923261634
232771159
643109663
524731433
366893793
489191724
652255632
869674176
161321215
547843071
730457428
308447002
744010787
659266265
546273569
395616641
194740737
259654316
13457637
17943516
23924688
31899584
708029014
278542450
704138051
606102617
475388705
301103489
68723201
757127170
344006658
458675544
611567392
149926954
532650723
710200964
614186501
486167217
648222956
531549157
43235974
390396083
187779993
250373324
1082981
666940210
223757378
963839406
286874855
49751689
399083703
532111604
376734021
502312028
337001253
449335004
266365221
355153628
140790053
853216306
472125506
296752557
395670076
860308219
481581390
642108520
190648458
254197944
338930592
451907456
269795157
359726876
146887717
528598407
704797876
274234266
365645688
487527584
317288661
423051548
231320613
308427484
743984763
991979684
989891461
654359046
872478728
830556853
441912902
256469085
341958780
455945040
607926720
810568960
415262378
220935053
960076306
614605506
819474008
759883893
14934171
19912228
359297755
811811791
416919486
555892648
75693962
766421518
356399122
807946947
79018243
438105775
916889151
224274515
964528922
953290445
938305809
252830059
669854863
227643582
303524776
737447819
650515641
867354188
823724133
100054491
133405988
843370886
791746397
722913745
298388758
730599795
974133060
300599727
400799636
201651397
601616647
136659294
182212392
242949856
656681259
875575012
501937114
3753250
337752451
783084719
711364841
615738337
155488214
872813854
498255570
664340760
885787680
182805887
909237418
546820322
396345645
528460860
704614480
273989738
32571533
708924946
279737026
705730819
275478190
700052371
267906926
24461117
698111058
930814744
575590090
101957218
468691075
957669551
944144617
593363254
125654770
500287811
334302297
445736396
261567077
16007985
21343980
28458640
370692971
161509177
548093687
398043465
530724620
374884709
167098161
222797548
629811515
507000569
343252641
457670188
942975035
924551929
567239670
756319560
10181727
13575636
18100848
24134464
364927403
153821753
870591906
162544855
549474591
732632788
311347482
415129976
220758517
627092807
503375625
671167500
894890000
860438549
814503281
753256257
6097323
8129764
343587803
125368953
167158604
888374374
519002930
359255789
146259601
527760919
38184990
50913320
733380662
645092765
527375569
37671190
382976371
843383279
791762921
722935777
298418134
730638963
974185284
300669359
68144361
90859148
786641766
50611335
67481780
755471942
674547805
233900838
311867784
415823712
554431616
406494037
874740167
833572105
445933238
261829533
349106044
798222843
66052771
420818479
893839423
526289662
36223314
48297752
729893238
973190984
964839861
288208795
717026511
956035348
609217562
479541965
306641169
408854892
545139856
61356906
81809208
109078944
145438592
859414358
813137693
751435473
3669611
670389050
561103949
415390481
221105857
627555927
836741236
450158746
932959779
245702019
327602692
769551707
693320825
591679649
456158081
275462657
34535425
378795351
505060468
7917722
676053198
901404264
203627999
937000234
583837410
778449880
372436938
496582584
662110112
550065365
400672369
866977943
823222473
99385611
132514148
842181766
457412786
277135597
702262247
603601545
804802060
407573178
543430904
391826421
522435228
696580304
596025621
794700828
61356751
414557119
885490943
847906473
132297611
841893050
789775949
720286481
627633857
504097025
339381249
452508332
270596325
360795100
813808251
86833315
448525871
265286377
686463287
582536265
776715020
702871909
271666310
29473629
39298172
717893798
624443613
832591484
777373861
371002246
827417779
437727470
250888509
334518012
446024016
594698688
792931584
58997759
744159914
659465101
213790566
285054088
712820235
950426980
601739738
469571533
958843495
612961758
817282344
91465439
787450154
717185421
956247228
276751951
701750719
270171390
360228520
813052811
751322297
669014945
559271809
80199510
106932680
808073142
79186503
105582004
473524123
964113615
287240467
715735407
954313876
606922266
809229688
413476682
218554125
291405500
55792549
407138183
210102793
612885175
151683998
867741566
824240637
100743163
467072335
955511231
941266857
256778123
9622713
12830284
349855163
133725433
511048695
681398260
243034778
989542606
653893906
206362306
607897859
477782361
637043148
849390864
134276799
179035732
571462427
429201785
239520929
984857474
980395181
974445457
633764374
179522930
904860142
540983954
388563821
185336977
579864087
773152116
32625135
43500180
58000240
410081771
214027577
950866338
269577431
26688457
368332727
158362185
211149580
614280891
819041188
230317429
844598320
268653127
902101867
854030624
282801583
923324551
885864650
330552622
495828933
244621223
866054011
799958840
201693907
801663037
703372379
555936392
833904588
252612529
878040970
318817102
478225653
218216303
826446631
740547770
112577302
168865953
752421106
130387306
195580959
792493615
689618246
36183016
54274524
81411786
122117679
682298695
524325866
786488799
680611022
22672180
34008270
51012405
575640784
863461176
296947411
944543293
917692763
877416968
317881099
975943825
964793561
948068165
922980071
885347930
329777542
494666313
242877293
863438116
296912821
944491408
418492759
128616962
192925443
788510341
683643335
526342826
789514239
685149182
29479420
44219130
66328695
598615219
398800652
598200978
897301467
846830024
272000683
907123201
861562625
793221761
690710465
536943521
306293105
958561834
439598398
659397597
489974219
235839152
353758728
530638092
795957138
195691354
293537031
939427723
910019408
366784759
51054962
76582443
613995841
421871585
133685201
699649978
51230614
76845921
614391058
921586587
883257704
326642203
989085481
984506045
977636891
967333160
452755387
180010904
270016356
405024534
607536801
412183025
119152361
677850718
18531724
27797586
41696379
561666745
343377941
15944735
523039279
285436742
428155113
143110493
713787916
72437521
607778458
911667687
868379354
304324678
456487017
185608349
777534700
168057697
751208722
128568730
192853095
788401819
683480552
26976475
539586889
310258157
964509412
448519765
173657471
759608383
640290398
960435597
941531219
913174652
371517625
58154261
586353568
879530352
321051175
980698939
971926232
459644995
190345316
285517974
428276961
143293265
714062074
72848758
109273137
663031882
994547823
992699558
490804984
736207476
106066861
658222468
987333702
482756200
724134300
87957097
631057822
946586733
920757923
882014708
324777709
986288740
481188757
222660959
833113615
750548246
127578016
191367024
287050536
430575804
645863706
968795559
954071162
432862390
649293585
474818201
213105125
818779864
229925443
844010341
766893335
651217826
976826739
966117932
450932545
177276641
765037138
149311354
223967031
835072723
753486908
131986009
697101190
47407432
71111148
106666722
160000083
739122301
609561275
415219736
622829604
934244406
403122256
604683384
907025076
362293261
44317715
565598749
349275947
24791744
37187616
55781424
83672136
125508204
188262306
282393459
922712365
884946371
828297380
244201717
865424752
299892775
948961339
924319832
388235395
83230916
124846374
187269561
780026518
171795424
257693136
386539704
579809556
869714334
306327148
459490722
689236083
534731948
802097922
204902530
307353795
960152869
941107127
912538514
370563418
555845127
334645514
501968271
253830230
380745345
71995841
607115938
910673907
866888684
302088673
952255186
430138426
645207639
468689282
703033923
555428708
833143062
251470240
377205360
565808040
848712060
274823737
911357782
368792320
553188480
829782720
246429727
868766767
804027974
207797608
311696412
467544618
701316927
552853214
829279821
744797555
618074156
927111234
392422498
588633747
383828444
575742666
863613999
796298822
196203880
294305820
441458730
662188095
494159966
741239949
612737747
419984444
629976666
944964999
918325322
379243630
568865445
354175991
32141810
48212715
571441249
358039697
37937369
556028230
834042345
751941341
628789835
444062576
666093864
896443
500466841
251578085
876489304
316489603
973856581
961662695
943371866
416813446
625220169
438708077
158939939
737532085
607175951
411641750
617462625
427071761
141485465
711350374
68781208
103171812
154757718
232136577
847327042
272746210
409119315
114556796
171835194
257752791
885751363
829504868
246012949
868141600
303968047
955074247
933489194
401989438
602984157
405354059
108908912
163363368
245045052
367567578
551351367
327904874
491857311
238663790
357995685
37871351
555929203
334771628
502157442
753236163
630732068
946098102
420902800
631354200
947031300
422302597
134331719
700619755
551807456
827711184
243322423
864105811
797036540
197310457
795087862
194387440
291581160
437371740
656057610
984086415
977007446
467266816
700900224
53105983
578781151
369049550
553574325
331239311
995981143
994849538
494029954
741044931
612445220
918667830
379757392
569636088
854454132
283436845
924277444
388171813
83135543
623825491
436616060
654924090
982386135
974457026
463441186
695161779
543620492
815430738
224901754
337352631
6906770
10360155
514662409
272871437
908429332
364399645
47477291
570338113
356384993
35455313
552305146
828457719
743564402
117102250
175653375
762602239
644781182
967171773
951635483
928331048
394252219
92256152
138384228
207576342
311364513
966168946
451009066
676513599
515648222
773472333
661086323
492507308
738760962
109897090
164845635
746390629
620463767
431573474
647360211
471918140
707877210
63571462
95357193
642157966
963236949
945733247
919477694
380972188
571458282
857187423
786658958
181744084
272616126
408924189
114264107
670518337
506655329
260860817
890413402
337375750
506063625
259973261
889082068
335378749
3945947
505041097
258439469
886781380
331927717
997013752
497276275
246792236
370188354
555282531
333801620
500702430
751053645
627458291
442065260
663097890
994646835
992848076
491027761
237419465
855251374
284632708
426949062
640423593
461513213
193147643
788843641
684143285
527092751
291516950
437275425
156790961
734308618
103218574
154827861
731363968
98801599
647324575
471864686
707797029
562573367
344737874
517106811
276538040
414807060
622210590
933315885
900851651
852155300
279988597
919105072
380413255
71497706
107246559
659992015
490865846
736298769
605325977
408866789
114178007
670389187
506461604
759692406
141294256
211941384
317912076
476868114
715302171
573831080
860746620
292875577
938435542
409408960
614113440
921170160
383510887
76144154
114216231
670446523
506547608
759821412
141487765
711353824
68786383
602301751
404330450
606495675
410621336
615932004
923898006
387602656
581403984
872105976
309914611
963994093
946868963
921181268
383527549
76169147
613375897
420941669
132290327
697557667
547214324
820821486
232987876
349481814
524222721
287211905
929940034
396665698
594998547
393375644
590063466
885095199
828520622
244536580
366804870
550207305
326188781
988405348
484363669
227423327
840257167
761263574
143651008
215476512
323214768
484822152
727233228
92605489
638030410
957045615
936446246
406425016
609637524
914456286
373440076
560160114
840240171
761238080
143612767
714541327
572689814
859034721
789429905
685022681
528411845
293495591
939365563
909926168
366644899
50845172
76267758
114401637
670724632
7842595
510886069
267206927
899932567
850776674
277920658
416880987
126199304
189298956
283948434
425922651
139761800
209642700
314464050
471696075
208421936
312632904
468949356
703424034
56891698
85337547
627128497
441570569
163233677
743972692
117714685
675694204
15296953
522067606
783101409
675529937
514172729
272136917
907327552
362746975
44998286
67497429
600368320
900552480
352584367
29754374
44631561
566069518
849104277
774534239
662679182
994018773
991905983
988736798
484860844
727291266
92692546
139038819
707680405
562398431
344475470
516713205
275947631
913043623
870443258
307420534
461130801
192574025
787983214
183730468
275595702
413393553
120968153
680574406
22617256
33925884
50888826
76333239
613622035
421310876
631966314
947949471
922802030
385958692
578938038
868407057
803488409
706110437
560043479
340943042
511414563
267999668
401999502
602999253
405376703
108942878
163414317
744243652
118121125
676303864
16211443
523439341
286036835
928177429
893143967
840593774
262646308
393969462
590954193
387309113
81841493
621884416
932826624
400995583
102371198
153556797
729457372
95941705
643034734
964552101
947705975
922436786
385410826
578116239
368052182
552078273
328995233
992615026
490678186
736017279
604903742
907355613
861911243
793744688
192372679
787681195
682399616
25355071
537154783
306609998
459914997
190750319
785247655
678749306
19879606
29819409
543851290
815776935
724543226
88570486
132855729
698405770
49364302
74046453
610191856
915287784
374687323
62908808
94363212
141544818
212317227
817598017
727274849
591790097
388562969
83722277
624705592
937058388
407343229
111892667
666961177
501319589
252857207
878407987
818489804
229490353
843357706
266792206
400188309
101160287
650862607
477171734
715757601
574514225
362649161
44851565
566399524
849599286
276154576
414231864
621347796
932021694
399788188
599682282
899523423
850162958
277000084
415500126
623250189
435753107
154507484
231761226
347641839
22340582
33510873
549388486
824082729
737001917
606380699
410448872
615673308
923509962
387020590
580530885
371674151
58389050
87583575
630497539
446624132
669936198
6659944
9989916
14984874
22477311
532838143
300135038
450202557
176181659
763394665
645969821
469832555
205626656
308439984
462659976
693989964
42740593
563233066
844849599
768152222
153983980
230975970
346463955
20573756
30860634
46290951
568558603
353715728
530573592
795860388
195546229
792441520
190417927
784749067
678001424
18757783
527258851
291766100
437649150
656473725
485588411
229260440
343890660
515835990
773753985
661508801
493141025
240589361
860006218
291764974
437647461
157349015
735145699
603596372
905394558
359847484
539771226
809656839
715363082
74800270
112200405
667422784
2889823
503456911
256063190
384094785
77020001
614652178
921978267
883845224
327523483
990407401
986488925
980611211
971794640
459447607
190049234
285073851
926732953
890977253
837343703
756893378
137095714
205643571
807587533
712259123
569266508
853899762
282605290
423907935
136739726
205109589
806786560
211935487
817025407
726415934
91379548
137069322
205603983
807528151
712170050
70010722
105016083
656646301
485847275
229648736
344473104
516709656
775064484
164352373
745650736
120231751
679469803
520082528
780123792
171941335
757034179
636429092
954643638
433721104
650581656
975872484
465564373
199224383
797958751
697815950
48479572
72719358
109079037
662740732
994111098
492922294
739383441
609952985
415807301
124588775
686005339
529885832
794828748
193998769
790120330
186936142
280404213
919728496
381348391
72900410
109350615
663148099
495599972
743399958
116855584
175283376
262925064
394387596
591581394
887372091
831935960
249659587
873611557
811295159
717820562
78486490
117729735
675716779
514452992
771679488
159274879
738034495
607929566
911894349
868719347
803956844
207690913
810658546
217743466
326615199
989044975
984445286
478423576
717635364
78208693
616435216
924652824
388734883
83980148
125970222
188955333
782555176
175588411
762504793
644635013
467830343
202623338
303935007
955024687
933414854
401877928
602816892
904225338
358093654
537140481
306588545
959004994
440263138
660394707
491469884
737204826
107562886
161344329
741138670
113463652
170195478
255293217
882062002
324848650
487272975
231787286
347680929
22399217
532721002
799081503
699500078
51005764
76508646
114762969
671266630
8655592
12983388
19475082
29212623
542941111
315289490
472934235
210279176
315418764
473128146
709692219
565416152
848124228
273941989
910035160
366808387
51090404
76635606
114953409
671552290
9084082
13626123
519561361
280219865
919451974
380933608
571400412
857100618
287406574
431109861
147542615
720436099
581531972
872297958
310202584
465303876
697955814
48689368
73034052
109551078
164326617
745612102
120173800
180260700
270391050
405586575
109257686
163886529
744951970
119183602
178775403
767285281
651805745
478586441
218757485
827258404
242643253
863087056
296386231
943701523
916430108
376400809
65479037
597340732
896011098
345772294
518658441
278865485
917420404
377886253
67707203
600682981
401902295
103731266
155596899
732517525
599654111
400358990
600538485
401685551
103406150
155109225
731786014
99434668
149152002
223728003
834714181
752949095
630301466
945452199
919056122
380339830
570509745
356642441
35841485
552884404
829326606
245745556
368618334
552927501
330269075
994525789
992666507
989877584
486572023
230735858
346103787
20033504
30050256
45075384
67613076
101419614
152129421
727316308
92730109
638217340
957326010
437744662
656616993
485803313
229582793
843496366
267000196
400500294
600750441
402003485
103883051
654946753
483297953
225824753
837859306
258544606
387816909
82603187
623026957
435418259
154005212
231007818
346511727
20645414
30968121
545574358
818361537
728420129
593508017
391139849
87587597
630503572
945755358
420388684
630583026
945874539
919689632
381290095
72812966
109219449
662951350
994427025
992518361
989655365
985360871
978919130
470134342
705201513
558680093
338897963
9224768
13837152
20755728
31133592
46700388
70050582
105075873
656735986
985103979
978533792
469556335
205212326
307818489
960849910
443030512
664545768
996818652
496983625
246353261
868652068
304733749
956222800
436089847
155012594
232518891
847900513
772728593
659970713
490833893
237128663
854815171
783100580
176406517
763731952
147353575
720152539
581106632
871659948
309245569
962990530
446241442
669362163
504921068
757381602
137828050
206742075
809235289
714730757
572973959
360338762
540508143
311640038
467460057
202067909
802224040
205091707
806759737
711017429
567403967
351983774
527975661
292841315
938384149
908454047
863558894
297093988
445640982
668461473
503570033
256232873
883471486
326962876
490444314
735666471
604377530
906566295
860727266
292846546
439269819
159782552
239673828
359510742
539266113
309776993
963787666
447437146
671155719
507611402
761417103
643003478
964505217
947635649
922331297
884374769
827439977
742037789
613934507
421779584
632669376
949004064
425261743
138770438
208155657
811355662
218789140
328183710
492275565
239291171
858058933
787966223
682827158
25996384
38994576
58491864
87737796
131606694
197410041
795237238
194611504
291917256
437875884
656813826
985220739
978708932
469819045
205606391
807531763
712175468
70018849
604150450
906225675
860216336
292080151
937242403
906741428
361867789
43679507
564641437
347839979
22637792
33956688
50935032
76402548
114603822
171905733
756980776
137226811
704962393
558321413
338359943
8417738
12626607
518062087
277970954
416956431
126312470
189468705
783325234
176743498
265115247
896795047
846070394
270861238
406291857
110315609
664595590
996893385
996217901
995204675
993684836
492282901
239302175
858075439
787990982
183742120
275613180
413419770
620129655
431072306
646608459
470790512
706185768
61034299
590673625
386888261
81210215
620937499
432284072
648426108
972639162
460714390
691071585
537485201
307105625
959780614
441426568
662139852
993209778
491570314
737355471
606911030
910366545
866427641
800519285
701656751
553362950
830044425
745944461
619794515
430569596
645854394
968781591
954050210
432830962
649246443
474747488
712121232
69937495
604028419
406920452
610380678
915571017
874234349
812229347
719221844
80588413
620004796
930007194
396766438
595149657
393602309
91281287
636044107
454943984
682415976
25379611
537191593
306665213
959119996
440435641
161531285
741419104
113884303
669948631
505800770
758701155
638929556
958394334
439347148
659020722
988531083
983674448
477267319
216778802
325168203
986874481
981189545
972662141
959871035
940684376
412782211
120051140
180076710
270115065
904294774
358197808
537296712
805945068
210673249
815132050
224453722
336680583
5898698
8848047
512394247
269469194
404203791
107183510
160775265
740285074
112183258
168274887
751534507
628179584
942269376
415159711
123617390
185426085
777261304
167647603
750593581
626768195
441030116
661545174
992317761
989354465
984909521
978242105
968240981
953239295
930736766
397860796
596791194
895186791
843658010
267242662
400863993
102173813
652382896
978574344
469617163
205303568
307955352
461933028
692899542
41104960
61657440
92486160
138729240
208093860
312140790
468211185
203194601
803914078
207626764
311440146
467160219
201618152
302427228
453640842
680461263
521569718
782354577
674409689
512492357
269616359
903546715
856197896
286052491
928200913
893179193
840646613
761847743
643649438
965474157
949089059
924511412
388522765
83661971
624615133
437800523
157578608
236367912
354551868
531827802
797741703
697490378
47991214
71986821
607102408
910653612
367736065
52481921
577845058
866767587
801029204
203299453
804071356
207862681
810916198
218129944
327194916
490792374
736188561
605160665
408618821
113806055
669831259
505624712
758437068
139411249
708239050
64114222
96171333
643379176
965068764
449358793
174916013
761496196
143999941
715122088
74438779
610780345
417048341
126450335
688797679
534074342
801111513
702545093
554695463
332921018
499381527
249950114
374925171
63265580
94898370
142347555
712643509
569843087
355642454
533463681
301073345
950732194
427853938
641780907
463549184
695323776
44741311
566234143
350229038
525343557
288893159
932461915
899570696
351111691
27545360
41318040
61977060
92965590
139448385
708294754
64197778
96296667
643567177
466228589
200220707
799453237
700057679
550964342
826446513
740547593
611699213
418426643
128517788
192776682
289165023
932869711
900182390
352029232
528043848
792065772
189854305
783903634
177611098
266416647
898747147
848998544
275253463
912002371
868881380
305077717
956738752
436863775
156173486
234260229
850512520
277524427
915408817
873991049
811864397
718674419
578889452
868334178
304256914
456385371
185455880
278183820
417275730
625913595
439748216
659622324
989433486
485905876
728858814
95043868
142565802
213848703
819895231
730720670
97836652
146754978
220132467
829320877
744859139
618166532
927249798
392630344
588945516
883418274
326883058
490324587
236364704
354547056
531820584
797730876
198351961
796650118
196730824
295096236
442644354
663966531
496827620
745241430
119617792
179426688
269140032
403710048
605565072
908347608
364277059
47293412
70940118
106410177
658737442
988106163
983037068
476311249
215344697
822139222
234964480
352446720
528670080
793005120
191263327
786017167
679903574
21611008
32416512
48624768
72937152
109405728
164108592
246162888
369244332
553866498
830799747
747077444
122371813
682679896
25775491
537785413
307555943
960456091
941561960
414098587
122025704
183038556
274557834
411836751
118632950
177949425
766046314
150825118
226237677
838478692
259473685
888332704
334254703
2259878
3389817
504206902
756310353
635343353
453892853
181717103
771697831
658424570
987636855
982333106
475255306
712882959
570202262
855303393
783832913
676627193
515818613
274605743
911030791
867424010
302891662
454337493
182384063
772698271
659925230
989887845
985709591
979442210
470918962
706378443
560445488
840668232
262757995
893259169
840766577
762027689
643919357
466756859
201013112
301519668
452279502
678419253
518506703
278637878
417956817
127813049
690841750
38018272
57027408
85541112
128311668
192467502
288701253
932174056
400016731
100902920
151354380
227031570
340547355
11698856
17548284
26322426
39483639
558347635
338399276
507598914
761398371
642975380
964463070
448450252
672675378
10768714
16153071
523351783
285905498
428858247
144165194
216247791
823493863
736118618
105933574
158900361
737472718
107964724
161947086
242920629
863503120
297010327
944637667
917834324
378507133
68638523
602079961
403997765
106874471
659433883
490028648
735042972
104320105
655602334
983403501
975983075
964852436
449034301
174429275
760766089
642026957
463918259
196755212
295132818
442699227
164926664
247389996
371084994
556627491
335819060
503728590
755592885
634267151
452278550
678417825
518504561
278634665
917074174
377366908
566050362
849075543
774491138
163492354
245238531
866979973
801347783
702899498
56104894
84157341
625358188
938037282
408811570
613217355
420703856
631055784
946583676
421631161
133324565
699109024
50419183
574750951
363004250
544506375
317637386
476456079
215561942
323342913
984136546
477960466
716940699
576288872
864433308
298405609
946730590
421851532
632777298
949165947
924626744
388695763
83921468
125882202
188823303
782357131
674413520
13375927
519186067
279656924
419485386
629228079
444719942
667079913
501497693
253124363
878808721
819090905
729514181
595149095
393601466
590402199
386481122
579721683
370460348
555690522
833535783
751181498
128527894
192791841
788309938
184220554
276330831
913618423
871305458
308713834
463070751
195483950
293225925
938961064
410197243
116173688
174260532
261390798
348521064
464694752
286844885
49711729
399030423
532040564
376639301
169437617
891413058
190306391
919238090
892902669
192292539
256390052
9105285
12140380
348935291
132498937
509413367
346469705
129211489
505030103
340625353
786915255
50975987
733464218
645204173
527524113
703365484
272324410
695847331
262300206
349733608
799059595
399916558
865970195
821878809
97594059
130125412
506248667
342250105
789081591
53864435
737315482
317591074
756202883
675522393
900696524
868180581
159329755
545187791
394168937
192810465
257080620
342774160
789780331
387544206
516725608
23471242
364043107
818138927
758103785
678056929
238579670
983602462
645973714
195802050
261069400
680840651
575039417
433971105
578628140
438756069
585008092
114514554
152686072
536329547
382357945
842558711
790663497
55973643
74631524
765004934
687258461
583596497
445380545
261092609
15375361
353248599
470998132
960745627
615497934
820663912
428722314
571629752
429424885
905314631
874338057
167539723
556134415
76016318
766851326
689720317
254130854
6093021
8124028
343580155
790854991
388977086
185887997
913346898
219551511
292735348
723061915
298586318
65366973
87155964
116207952
154943936
872088150
164539847
884882698
514347362
353048365
803479271
738557577
984743436
314746895
86914409
781382114
709094701
279963366
373284488
164964533
885448946
847850477
797719185
65381227
419923087
892645567
524697854
366849021
489132028
984924155
980484089
974564001
301174315
734313871
313588926
418118568
557491424
410573781
547431708
729908944
307715690
77539469
768882194
692428141
257741286
343655048
125458613
832774386
112121495
814991562
88411063
450629535
600839380
135622938
180830584
573855563
432392633
243775393
657781975
211546398
282061864
708830603
612359353
150982902
201310536
268414048
690633515
588096569
451380641
269092737
358790316
478387088
305101333
739549895
653318409
871091212
495958714
994026403
659872302
879829736
840358197
122233243
495725775
660967700
548542149
731389532
642437925
856583900
809363749
413655430
884288691
180807235
573824431
99603006
132804008
842568246
125179975
499654751
333458217
444610956
592814608
124923242
832060558
443917842
591890456
456439157
275837425
700531351
268545566
25312637
699246418
266832322
688524547
252536494
669463443
892617924
191912879
921380074
563010530
417932589
557243452
77495034
103326712
470517067
960104207
947390825
930439649
907838081
877702657
504773974
7535730
10047640
346144971
461526628
948116955
265911587
21800665
361815671
149672777
865059938
820665133
428723942
238883805
318511740
424682320
898991211
200410595
932710362
245369463
327159284
103464261
137952348
183936464
910744854
216082119
288109492
716894107
290362574
54401981
738032210
651294829
202896870
270529160
27957429
37276572
49702096
399017579
199275321
265700428
687015355
250524238
666780435
889040580
187143087
249524116
665446939
221766350
961184702
948831485
932360529
244903019
992033594
989963341
654454886
539858397
719811196
294252026
59587917
79450556
771430310
695825629
262271270
16946909
688092114
917456152
557778634
78208610
769774382
693617725
259327398
345769864
793774603
392869902
523826536
32939146
376666979
169474521
225966028
634036155
845381540
794427269
726488241
968650988
958786533
280137691
706265039
608938601
479170017
638893356
851857808
803062293
72505371
96673828
461646555
615528740
487956869
317861041
756562839
10506099
14008132
351425627
135819385
513840631
19624606
358914259
811300463
748985833
333151542
444202056
592269408
789692544
54679039
405653503
873619455
166581587
887605018
517977122
357888045
477184060
968993531
959243257
613494774
817993032
92413023
123217364
829786054
440885170
920595011
894711897
194704843
592354575
789806100
54830447
738603498
984804664
647576650
197939298
263919064
684640203
912853604
884390021
846438577
463088534
284703261
379604348
173391013
563936135
419166729
558888972
745185296
660832277
548361585
731148780
974865040
634323818
513016973
351274513
801114135
69907827
93210436
457028699
276623481
368831308
824523195
101119907
800322778
401600802
535467736
48460746
64614328
418900555
891282191
855628137
142593163
522872335
31666878
42222504
56296672
407810347
876495247
503164094
338137341
450849788
268384933
690594695
588044809
118563510
158084680
543527691
724703588
633523333
179201542
571683507
762244676
683578117
245941254
327921672
437228896
915719979
222715619
962450394
285022839
380030452
839455387
453777614
272288701
695799719
594984841
127816886
835918750
449062098
598749464
465584501
288031217
51293505
68391340
423936571
897996879
199084819
598194543
797592724
397960730
197866189
596569703
462678153
616904204
489790821
653054428
205243002
273657336
364876448
153753813
205005084
273340112
31705365
42273820
389113211
186069497
913588898
885370413
182249531
908495610
213083127
284110836
378814448
172337813
895279986
195462295
593364511
125656446
167541928
556137355
76020238
434108435
246063129
328084172
104697445
472344711
629792948
506975813
343219633
790374295
388336158
517781544
690375392
587752405
118173638
823061086
431918546
243143277
324191036
99506597
798171698
731480813
642559633
191249942
920496158
894580093
527277222
703036296
937381728
251597951
2715817
336369207
448492276
930737819
908235641
878232737
838228865
784890369
48276139
397116303
529488404
373236421
830396679
108951219
145268292
193691056
591002859
788003812
385175514
513567352
19260234
25680312
34240416
45653888
726368086
302994546
403992728
205908853
607293255
809724340
414136218
552181624
70745930
759824142
14854503
19806004
359156123
146126713
527583735
703444980
937926640
585072618
780096824
707380981
277678406
37489757
715482578
621228653
495556753
993490455
326409587
102464665
469367671
958571679
279851219
40386841
386597239
848211103
465451902
620602536
827470048
437797162
916477667
889222105
520133238
693510984
924681312
234664063
645633535
195348478
593212755
790950340
389104218
518805624
691740832
256824874
675181283
567493593
756658124
676129381
236009606
980175710
974152829
966122321
955414977
275642283
367523044
822778843
431542222
908137747
545354094
727138792
304022154
405362872
873231947
831561145
443251958
258254493
344339324
126370981
501242759
335575561
780182199
41998579
388746223
851076415
469272318
625696424
501513781
3188806
336999859
782081263
377278782
503038376
337969717
783374407
379002974
172589181
230118908
972321446
963680477
952159185
271301227
694483087
260481214
680056403
573993753
765325004
687685221
916913628
224307151
631824319
176936190
235914920
980049462
308488263
411317684
215675461
620315399
494339081
326370657
435160876
912962619
219039139
624800303
500318953
1595702
667623838
224668882
632306627
510327385
14940278
685416606
913888808
885770293
515530822
21878194
361919043
482558724
643411632
857882176
478346666
305047437
406729916
209558437
612159367
150716254
533703123
711604164
948805552
599577834
799437112
400419914
201145101
268193468
24843173
698620466
598745837
465579665
288024769
716781143
622960073
497865313
996568535
996009929
995265121
661523926
216535666
621462339
828616452
106577583
142103444
854967494
807208541
743529937
325877014
767250803
690252953
587589153
783452204
711854821
283643526
378191368
837003275
783256249
378845430
505127240
340754869
787087943
716702473
290107062
386809416
515745888
687661184
584133461
446096497
927543447
238480243
650721775
202132798
602258515
137515118
848849726
799051517
732653905
311375638
747915635
664472729
553215521
404872577
207081985
608857431
811809908
749665093
334057222
778157747
704795545
274231158
365641544
154773941
871861490
829733869
440815590
587754120
783672160
379399978
838614755
785404889
714458401
287114966
50071837
399510567
532680756
710241008
614239893
818986524
93737679
124983572
832140998
776773213
370201382
160853725
547219751
396878217
529170956
372813157
829832327
773694985
366097078
820877555
761755289
682925601
910567468
548593722
731458296
975277728
302125951
735582719
648028841
531290337
708387116
611768037
815690716
422091386
230040397
639468647
519876745
27672758
702393246
936524328
250454751
333939668
112504773
150006364
532756603
44845902
59794536
79726048
439049515
918147471
225952275
301269700
734441051
646506617
529260705
705680940
940907920
589047658
119900642
825363758
767736893
690901073
588453313
119108182
491559027
655412036
541134597
721512796
296520826
728109219
970812292
628920154
173063970
230751960
307669280
77477589
103303452
137737936
516398699
355783481
141629857
521587927
29954334
39939112
386000267
181918905
242558540
988907622
320299143
427065524
236672581
648311559
864415412
819805765
427578118
902852275
538306798
52246162
402409667
203798105
937227042
251391703
667937055
890582740
521947418
363181773
484242364
978404603
971791353
297477451
729384719
639764841
853019788
471863482
961899427
617036334
822715112
764205365
686192369
582175041
776233388
702229733
603558193
139248022
518412147
691216196
588873477
785164636
381389946
508519928
345278453
127623153
170164204
559633723
80682062
773072318
698014973
597938513
464503233
619337644
160287290
879212622
174039143
897548426
863983117
486481254
648641672
532107445
43980358
391388595
521851460
363053829
484071772
978177147
305991843
407989124
211237381
614397959
486449161
981346999
642966430
191792338
588471235
119132078
824339006
766370557
356331174
475108232
300729525
400972700
201882149
934672434
247985559
330647412
440863216
920565739
561924750
749233000
333481098
444641464
925603403
901389753
203608651
604226319
805635092
741432005
655827889
208940950
611336051
482366617
975903607
635708574
847611432
131904223
508620415
12664318
349633875
466178500
954319451
939677817
254659403
6797753
674559906
899413208
866469493
489796422
653061896
538001077
51838534
401866163
203073433
603512695
139187358
185583144
247444192
662673707
550816825
68926198
424649715
566199620
422184709
895661063
861466633
483125942
311419805
82478289
109971052
479376187
971916367
630392254
175026770
898865262
200242663
599738335
134154878
844369406
793077757
391940774
189839581
585867559
115660510
486962131
982030959
311130259
747588463
331288382
108969725
810789202
415556034
554074712
406018165
874105671
167229875
888469402
519129634
26676610
368316931
823837359
100205459
799103514
67226999
755132234
674094861
898793148
200146511
932358250
577648098
770197464
28685599
370995583
827408895
104967507
139956676
519357019
26979790
368721171
491628228
655504304
541257621
721676828
629487653
506568753
675425004
900566672
868007445
159098907
212131876
615590619
820787492
761635205
682765489
244857750
326477000
102554549
802235634
71403159
95204212
459687067
945664207
595389374
461104381
947553959
930657161
908128097
878089345
505289558
340971293
121880273
828003266
771256237
362845414
816542003
755974553
675217953
900290604
202143119
935020394
913945741
553098086
404715997
872369447
830411145
108970507
478042127
304641385
738936631
319752606
426336808
901197195
203351907
271135876
694262619
925683492
236000303
980163306
308640055
744268191
992357588
990395333
987778993
651542422
203226994
603717443
472208473
962359415
950397769
601700790
802267720
404194058
206177293
607651175
477453449
303856481
72393857
762021378
17784151
356460319
808028543
744623273
660082913
547362433
64320342
85760456
779843510
707043229
277228070
36889309
381933863
176497033
568077495
757436660
677167429
237393670
649273011
865697348
821515013
762605233
351310742
135666205
513636391
19352286
25803048
34404064
378620203
837575055
118522387
490777967
321622505
96081889
460857303
614476404
819301872
94158143
791040426
56476215
75301620
100402160
799365782
733072925
644682449
526828481
369689857
825667927
435394334
247777661
995866450
662325698
550352813
401055633
534740844
712987792
285154154
47457421
396024679
860781023
814959913
421116982
894237427
526820334
702427112
603821365
139598918
851628126
137259815
848509322
798597645
66552507
88736676
118315568
823250326
432170866
908975939
879219801
174048715
564813071
420335977
893196087
192683763
256911684
342548912
123983765
830807922
109499543
811495626
83749815
111666420
148888560
198518080
597438891
796585188
63869231
750655210
335377378
779917955
707142489
942856652
924394085
899777329
534206870
379527709
838785063
120135731
825677210
768154829
691458321
921944428
563763002
418935885
558581180
412026789
549369052
66995834
754824014
673683901
232748966
975828190
635608018
181981122
242641496
989018230
653194738
205430082
273906776
32460917
708777458
612288493
150888422
866680798
490078162
986185667
982166105
976806689
969660801
294636715
725597071
301966526
69873917
758661458
678800493
905067324
208512079
610764223
148856062
531222867
708297156
944396208
260950591
680682239
574828201
100941366
134588488
512199435
682932580
245080538
992270286
324782695
765791711
688307497
252247094
3581341
337523239
782779103
710957353
282446902
709343987
613043865
817391820
91611407
787644778
384696802
845677187
794821465
394265718
525687624
700916832
934555776
247830015
330440020
773334811
365616846
487489128
649985504
533899221
711865628
616406053
156378502
541252787
388922265
518563020
691417360
256393578
341858104
788558923
385915662
514554216
686072288
582014933
443271793
923777175
233458547
976774298
969617613
294579131
60024057
80032076
772205670
31363207
374565727
832169087
776810665
370251318
493668424
990972683
988548793
652568822
537343645
50961958
400697395
867011311
490518846
654025128
872033504
829963221
108373275
144497700
192663600
256884800
9764949
13019932
350108027
134062585
511498231
16501406
687498110
583916029
113058470
816240862
422824914
563766552
751688736
4007295
5343060
7124080
342246891
456329188
941187035
922167929
896809121
862997377
485166934
979637363
973435033
632417142
843222856
458800906
944482659
261065859
348087812
131368965
175158620
899041062
200477063
932798986
578235746
438232877
251562385
668164631
558138057
744184076
659497317
879329756
839691557
786840625
383624598
511499464
16503050
687500302
251170834
667642563
890190084
188675759
917063914
557255650
77511298
436096515
581462020
109786458
146381944
527924043
703898724
938531632
585879274
115676130
154234840
538394571
717859428
957145904
943446421
592432326
789909768
54968671
406039679
208638121
610932279
814576372
420605594
228059341
636827239
183606750
244809000
326412000
435216000
580288000
108221098
477042915
636057220
182580058
576188195
435502809
580670412
774227216
699554837
599991665
467240769
622987692
830650256
774785557
367551174
490068232
986172427
649400334
865867112
821741365
430158918
573545224
99230730
132307640
841906422
124297543
498478175
331889449
775267383
35445491
712756890
950342520
268879007
25757225
699839202
933118936
578662346
438801677
252320785
669175831
226738206
302317608
403090144
870201643
494772622
992444947
657763694
544270141
60197286
80263048
439765515
586354020
781805360
709659029
613463921
485203777
979686487
640752414
854336552
806367285
76912027
435297487
913144767
219282003
292376004
389834672
187031445
249375260
997996582
665165874
886887832
517020874
23864930
697316142
929754856
574176906
765569208
22514591
695515690
261858018
349144024
798273483
66120291
88160388
117547184
822225814
430804850
241658349
322211132
96866725
461903751
615871668
821162224
429386730
572515640
430606069
906889543
543689822
392171645
190147409
919026114
227123799
302831732
71027525
760199602
348103234
796885763
729766233
973021644
299117839
731571903
975429204
302327919
403103892
537471856
51132906
68177208
90902944
453952043
272521273
696109815
928146420
239284207
651793727
536310185
382332129
509776172
346953445
795352711
394974046
859380179
813092121
85878475
447252751
929085119
906032041
542546486
390647197
853611047
805399945
408370358
211745693
947823826
598268866
132195586
509008899
678678532
239408474
984707534
980195261
974178897
300660843
400881124
867256283
823593593
765376673
687754113
917005484
889925861
853819697
805678145
741489409
323156310
430875080
241751989
655084103
540697353
720929804
628491621
837988828
451822202
269681485
692323431
923097908
898049093
864650673
154623211
538912399
53053630
403486291
870729839
828225001
438803766
585071688
780095584
374631210
499508280
666011040
888014720
851271509
802280561
736959297
982612396
644653626
859538168
813302773
418907462
225795165
301060220
68665509
91554012
122072016
162762688
549765035
400271929
866444023
489762462
653016616
205192586
939086350
586618898
449410413
599213884
133455610
510688931
348170457
464227276
951717819
270712739
28202201
703099170
937465560
251709727
668361087
891148116
189953135
918767082
226778423
967867466
957741837
278744763
371659684
828294363
106148131
474278959
965120063
954078633
273860491
697895439
930527252
907954885
545110278
726813704
636336821
515700977
354853185
473137580
298101989
64721201
751791170
669640109
560105361
746807148
995742864
329412799
771965183
696538793
595970273
461878913
283090433
44705793
59607724
412225083
549633444
732844592
644378005
193674438
258232584
344310112
791828267
723022905
964030540
619877818
161007522
214676696
951731830
603479538
804639384
74608159
432225663
576300884
435653061
580870748
441746213
256246833
341662444
788298043
385567822
846838547
796369945
396330358
861188595
150007107
200009476
599427419
466488441
621984588
829312784
773002261
365173446
486897928
981945355
643764238
192856082
922637678
897435453
198336251
929944570
574429858
100410242
799376558
733087293
977449724
970518181
628528006
172541106
230054808
306739744
741734443
323483022
431310696
575080928
434026453
911450055
217022387
954859418
940397773
588367462
118993714
491406403
987956655
319031187
425374916
234418437
312557916
416743888
888406635
186297827
913893338
885776333
848286993
132804971
842569530
125181687
166908916
555293339
407643001
876272119
502866590
337740669
450320892
600427856
467822357
291015025
720768151
295527966
394037288
192634933
589594695
786126260
715420229
621145521
828194028
106014351
141352468
521218075
29461198
372029715
496039620
661386160
216351978
288469304
51877621
401918279
203142921
270857228
28394853
37859804
715975974
954634632
274601823
366135764
155432901
207243868
609073275
812097700
417300698
223652813
963699986
952185197
936832145
916361409
223570859
963590714
952039501
603889766
472438237
962665767
285310003
713161455
950881940
935094469
581296390
109565618
811583726
749363517
907003
333957455
112528489
482786103
643714804
192790170
257053560
342738080
124235989
498396103
997276255
664205438
552859133
404397393
539196524
386180581
847655559
131963059
508698863
345517033
793437495
59672307
79563076
438832219
917857743
225565971
300754628
68258053
423758855
232263689
975181154
967493421
291746875
721743951
962325268
617604122
490724045
321550609
761482263
17065331
688250010
917666680
558059338
78582882
104777176
472451019
629934692
507164805
676219740
901626320
869420309
826478961
103727595
138303460
517152731
356788857
475718476
967039419
291141539
55440601
406668919
874973343
168386771
890011930
521186338
29418882
39225176
717796470
957061960
610586378
481367053
974570855
966679689
290661899
54801081
73068108
97424144
795395094
62282439
83043252
110724336
147632448
196843264
595205803
128111502
170815336
560501899
81839630
774615742
367324754
157018221
209357628
279143504
39443221
385339079
181037321
906879330
210928087
613985567
485899305
647865740
531072869
375349041
500465388
667287184
224220010
631708131
842277508
457540442
277305805
702489191
603904137
805205516
740859237
987812316
318838735
757866431
677740457
570905825
428459649
571279532
428957925
571943900
429843749
240376881
320502508
760084795
347950158
463933544
285829941
381106588
840890235
122942627
829419738
107648631
143531508
191375344
587915243
451138873
934266615
247444467
329925956
107153157
142870876
523242619
32160590
708377022
944502696
261092575
680871551
575080617
766774156
356869306
808573859
745350361
328304246
104990877
139987836
186650448
248867264
997319254
664262770
220187458
626331395
502360409
337065761
116672897
821060098
429250562
239585965
652196071
204098526
272131368
362841824
151040981
866884210
490349378
321051053
95319953
792589506
58541655
78055540
436822171
915177679
554740670
406906109
209793361
612472599
816630132
90595823
786290666
715639437
954185916
433034521
150429605
724766584
88905523
632480461
449598515
175275596
262913394
394370091
92432960
138649440
207974160
311961240
467941860
701912790
54624832
81937248
122905872
184358808
276538212
414807318
622210977
434194289
152169257
727376062
92819740
139229610
208844415
812388799
719461022
80947180
121420770
182131155
772318909
659356187
489912104
734868156
104057881
655208998
982813497
975098069
963524927
946165214
421003468
631505202
947257803
921764528
384402439
77481482
116222223
673455511
511061090
766591635
650765276
976147914
465977518
698966277
549327239
324868682
487303023
231832358
347748537
22500629
532873120
799309680
200720167
800202427
701181464
53527843
579413941
369998735
55875926
83813889
624843010
937264515
906774596
361917541
43754135
564753379
348007892
522011838
783017757
675404459
513984512
770976768
158220799
736453375
605557886
908336829
863383067
795952424
195684283
792648601
689850725
535653911
304358690
456538035
185684876
278527314
417790971
127564280
191346420
287019630
430529445
146671991
719130163
579573068
869359602
305795050
458692575
188916686
283375029
924184720
388032727
82926914
124390371
685707733
529439423
295036958
442555437
164710979
746188645
620160791
431119010
646678515
470895596
706343394
61270738
91906107
636981337
456349829
185402567
777226027
666716864
1830943
501868591
253680710
380521065
71659421
606611308
909916962
366631090
549946635
325797776
488696664
733044996
101323141
651106888
976660332
466746145
200997041
800617738
202682254
304023381
955157248
434491519
152615102
228922653
842506156
265514881
897394498
347847394
521771091
283534460
425301690
637952535
457806626
686709939
530942732
796414098
196376794
294565191
940969963
912332768
370254799
56260022
84390033
625707226
938560839
908719082
364834270
547251405
321754931
981754573
973509683
961142348
443469169
166081577
748244542
124122460
186183690
279275535
918035479
877931042
318652210
477978315
217845296
326767944
490151916
735227874
104597458
156896187
734466457
602577509
404744087
107993954
161990931
742108573
614040683
421938848
632908272
949362408
425799259
139576712
209365068
314047602
471071403
207484928
311227392
466841088
700261632
52148095
577344319
366894302
550341453
326390003
988707181
983938595
976785716
466934221
201279155
801040909
702439187
554536604
831804906
249463006
374194509
62169587
592376557
389442659
85041812
127562718
191344077
786138292
180963085
770566804
157605853
735530956
105052081
656700298
985050447
978453494
469435888
704153832
57986395
586101769
380030477
70923539
605507485
409139051
114586400
171879600
257819400
386729100
580093650
870140475
806088536
210888451
815454853
724060103
586967978
880451967
821555774
234089308
351133962
526700943
290929238
436393857
155468609
732325090
100243282
150364923
724669561
587882165
382701071
74929430
112394145
667713394
3325738
4988607
506605087
260785454
391178181
87645095
630589819
446762552
670143828
6971389
509579260
764368890
148308982
222463473
832817386
250981726
376472589
65586707
597502237
397131179
96574592
144861888
217292832
325939248
488908872
733363308
101800609
651823090
977734635
967479776
452975311
180340790
270511185
904888954
359089078
538633617
308828249
962364550
445302472
667953708
3686209
504651490
756977235
636343676
954515514
433528918
650293377
476317889
215354657
822154162
234986890
352480335
29598326
44397489
565718410
848577615
773744246
162372016
243558024
365337036
548005554
822008331
733890320
102591127
653008867
480391124
720586686
82635676
123953514
185930271
778017583
667904198
3611944
5417916
8126874
12190311
517407643
276989288
415483932
623225898
934838847
903136094
356459788
534689682
802034523
703929608
57650059
585597265
379273721
69788405
603804784
905707176
360316411
41352440
62028660
93042990
139564485
708468904
64459003
595810681
394593845
92768591
638275063
458290418
687435627
532031264
798046896
198825991
797361163
696919568
47134999
569824675
355614836
533422254
800133381
701077895
552494666
828741999
743990822
117741880
176612820
264919230
397378845
96946091
644541313
467689793
202412513
802740946
205867066
308800599
962323075
944362436
418299301
128326775
691612339
538296332
807444498
212922394
319383591
978197563
968174168
454016899
181903172
272854758
409282137
114801029
671323720
8741227
512234017
269228849
902965450
356203822
534305733
302336423
952626811
929818040
396482707
95601884
143402826
215104239
821778535
733545626
102074086
153111129
728788870
94938952
142408428
213612642
320418963
979750621
970503755
956633456
436705831
155936570
233904855
849979459
775847012
165526165
747411424
122872783
683431351
526024850
789037275
684433736
28406251
541731553
313475153
969334906
455758006
683637009
526333337
290377829
934688920
403789027
106561364
159842046
239763069
858766780
289905817
933980902
402727000
604090500
906135750
360959272
541438908
812158362
219993190
329989785
994106854
492915928
739373892
110816485
665346904
998020356
498786181
249057095
872707819
809939552
216664975
824119639
737057282
107341570
161012355
740640709
611838887
418636154
627954231
442809170
664213755
497198456
745797684
120452173
679800436
21456301
531306628
796959942
197195560
295793340
443690010
665535015
499180346
748770519
624033602
936050403
904953428
359185789
39656507
558606937
338788229
9060167
512712427
269946464
404919696
607379544
911069316
368359621
53417255
579248059
369749912
554624868
831937302
249661600
374492400
561738600
842607900
265667497
897623422
348190780
522286170
783429255
676021706
15788206
23682309
534645640
801968460
204708337
806184682
211032670
316549005
973945684
462674173
194889083
791455801
688061525
532970111
300332990
450499485
176627051
764062753
646971953
471335753
207881453
810944356
218172181
826380448
241326319
861111655
792545306
190573606
285860409
927912790
393624832
590437248
885655872
330239455
994481359
992599862
490655440
735983160
105730387
657717757
487454459
232059512
348089268
522133902
783200853
675679103
514396478
771594717
658269899
488282672
732424008
100391659
649709665
475442321
214041305
820184134
232031848
348047772
522071658
783107487
675539054
15064228
22596342
33894513
549963946
824945919
738296702
109200700
163801050
245701575
867674539
802389632
205340095
807132319
711576302
69120100
103680150
155520225
732402514
100359418
150539127
724930867
588274124
882411186
325372426
488058639
232965782
349448673
25050833
536698426
805047639
708449282
64429570
96644355
644088709
467010887
201394154
302091231
952259023
929266358
395655184
593482776
890224164
337091893
6515663
508895671
264221330
396331995
95375816
143063724
214595586
321893379
981962245
973821191
961609610
444170062
666255093
500260463
251268518
376902777
66231989
598470160
897705240
348313507
23348084
35022126
52533189
577921960
866882940
302080057
952242262
430119040
645178560
967767840
453407407
180988934
271483401
906347278
361276564
541914846
812872269
720186227
581157164
871735746
309359266
464038899
196936172
295404258
443106387
165537404
248306106
372459159
59566562
89349843
633146941
450598235
176775176
265162764
397744146
596616219
395802152
593703228
890554842
337587910
506381865
260450621
889798108
336452809
5557037
507457732
761186598
143535544
215303316
322954974
484432461
227526515
840411949
761495747
643121444
964682166
448778896
673168344
11508163
516384421
275454455
912303859
869333612
305756065
957756274
438390058
657585087
487255454
730883181
597202595
396681716
595022574
892533861
839678615
760395746
142349266
213523899
819408025
729989861
595862615
394671746
592007619
388889252
583333878
875000817
813379049
720946397
582297419
374323952
561485928
842228892
265098985
896770654
346911628
520367442
780551163
671704568
9312499
513090925
270514211
904893493
858218063
788204918
184063024
276094536
414141804
621212706
931819059
898606412
349665265
25375721
537185758
805778637
709545779
565196492
847794738
273447754
410171631
116135270
174202905
760426534
142395448
213593172
320389758
480584637
221754779
831754345
748509341
623641835
436340576
654510864
981766296
474405091
212485460
318728190
478092285
218016251
826146553
740097653
611024303
417414278
626121417
440059949
160967747
740573797
611738519
418485602
627728403
442470428
663705642
995558463
994215518
493078924
739618386
111183226
166774839
749284435
624804476
937206714
407565718
611348577
417900689
127728857
690715462
37828840
56743260
85114890
127672335
690630679
536823842
805235763
708731468
64852849
596401450
894602175
842781086
265927276
398890914
598336371
398382380
597573570
896360355
845418356
269883181
903946948
357676069
37391927
555210067
333692924
500539386
750809079
627091442
940637163
911833568
369505999
55136822
82705233
623180026
934770039
903032882
356304970
534457455
302564006
453846009
181646837
771592432
159144295
737838619
607635752
911453628
368936089
54281957
580545112
870817668
307982149
961095400
443398747
165975944
248963916
373445874
560168811
341131040
511696560
767544840
153072907
728731537
593975129
391840517
88638599
632080075
448997936
673496904
12001003
517123681
276563345
913967194
372706438
559059657
339467309
10078787
514240357
272238359
907479715
862097396
294901741
941474788
413967829
121829567
681866527
523677614
785516421
679152455
519606506
779409759
669992462
6744340
10116510
15174765
521884324
782826486
175995376
263993064
395989596
593984394
890976591
837342710
257769712
386654568
579981852
869972778
306714814
460072221
190986155
785601409
679279937
519797729
280574417
919983802
381731350
572597025
359773361
40537865
559928974
839893461
760718015
641954846
962932269
945276227
918792164
379943893
70793663
605312671
408846830
613270245
420783191
132052610
198078915
796240549
695238647
543735794
815603691
724283360
88180687
631393207
447967634
671951451
508805000
763207500
146566897
718972522
80214430
120321645
679604644
21162613
530866096
796299144
196204363
793428721
691020905
537409181
306991595
959609569
940292177
911316089
867851957
802655759
704861462
59047840
88571760
132857640
199286460
298929690
448394535
173469626
260204439
889428835
835021076
254287261
880553068
322585249
983000050
476255722
714383583
572453198
858679797
788897519
684224102
28091800
42137700
63206550
94809825
641336914
962005371
943885880
417584467
127254524
190881786
286322679
928606195
893787116
342436321
14532305
520920634
781380951
672949250
11179522
16769283
524276101
287291975
930060139
895968032
345707695
19439366
29159049
542860750
814291125
722314511
584349590
876524385
815664401
724374425
587439461
382037015
73933346
110900019
665472205
499086131
249507020
374260530
561390795
342964016
514446024
771669036
159259201
738010978
108772114
163158171
743859433
616666973
425878283
139695248
209542872
314314308
471471462
707207193
561688613
343410743
15993938
23990907
535108537
303540629
954433120
433405327
150985814
226478721
838840258
260016034
390024051
85913900
128870850
193306275
789081589
684500207
527628134
791442201
688041125
532939511
300287090
450430635
176523776
264785664
397178496
595767744
893651616
342233071
14227430
21341145
531133894
796700841
695929085
544771451
318035000
477052500
715578750
75123772
112685658
169028487
752664907
629875184
944812776
418974811
129340040
194010060
291015090
436522635
155661776
233492664
350238996
525358494
788037741
682934435
525279476
787919214
183634468
275451702
413177553
120644153
680088406
21888256
32832384
49248576
73872864
110809296
166213944
249320916
373981374
560972061
342335915
14381696
21572544
32358816
48538224
72807336
109211004
163816506
245724759
867709315
802441796
205418341
807249688
212630179
818067445
727978991
592846310
889269465
834782021
753050855
630454106
945681159
919399562
380854990
571282485
357801551
37580150
56370225
583677514
875516271
814152230
222983992
334475988
501713982
752570973
629734283
445479248
668218872
4083955
505248109
258749987
887247157
831748559
748500662
124506640
186759960
280139940
420209910
630314865
446350121
170403005
754726684
133845673
699890686
51591676
77387514
116081271
673244083
510743948
766115922
150929530
226394295
838713619
758948252
140178025
709389214
65839468
98759202
148138803
721330381
582873395
375187916
562781874
844172811
767137040
152461207
727813987
592598804
888898206
335102956
502654434
753981651
631850300
947775450
423418822
635128233
453570173
181233083
770971801
657335525
486881111
231199490
346799235
21076676
31615014
47422521
570255958
855383937
783953729
676808417
516090449
275013497
911642422
369219280
553828920
830743380
247870717
870928252
308148025
961344214
443771968
665657952
242575
499486039
250106882
375160323
63618308
95427462
143141193
713833966
72506596
108759894
163139841
743831938
117503554
176255331
763505173
646135583
470081198
705121797
558560519
338718602
508077903
262994678
394492017
92615849
638045950
957068925
936481211
905599640
360155107
41110484
61665726
92498589
637870060
956805090
436963282
655444923
484045208
726067812
90857365
635408224
953112336
431424151
148014050
222021075
832153789
749108507
624540584
936810876
406971961
111335765
666125824
944383
500538751
251685950
377528925
67171211
599878993
400696313
101922293
652005616
978008424
468768283
204030248
306045372
459068058
688602087
533780954
800671431
701884970
54583102
81874653
621934156
932901234
401107498
601661247
403369694
605054541
408459635
113567276
170350914
255526371
882411733
824495423
737620958
108187084
162280626
243420939
864253585
797258201
696765125
546025511
319916090
479874135
220689026
331033539
995672485
994386551
992457650
490442122
735663183
604372598
906558897
860716169
791952077
688805939
534086732
801130098
203450794
305176191
956886463
936207518
406066924
609100386
913650579
871353692
308786185
962301454
445207828
667811742
3473260
5209890
7814835
510844429
267144467
899838877
850636139
776832032
167003695
749627719
625319402
937979103
907846478
363525364
545288046
817932069
727775927
592541714
888812571
834096680
252900667
878473177
818587589
728759207
594016634
891024951
837415250
257878522
386817783
81104498
121656747
681607297
523288769
285810977
927838642
393513610
590270415
386283446
579425169
370015577
55901189
582973960
874460940
313447057
969292762
455694790
683542185
526191101
290164475
934368889
902431157
854524559
782664662
175752640
263628960
395443440
593165160
889747740
336377257
5443709
507287740
760931610
143153062
214729593
821216566
233580496
350370744
525556116
788334174
184256908
276385362
414578043
122744888
184117332
276175998
414263997
122273819
682532905
524677181
287893595
930962569
897321677
846860339
771168332
158508145
736884394
107082238
160623357
740057212
111841465
666884374
2082208
3123312
4684968
7027452
10541178
15811767
522839827
285137564
427706346
641559519
463217102
694825653
543116303
315552278
473328417
210870449
815427850
224897422
337346133
6897023
509467711
265079390
397619085
97306451
645081853
468500603
203628728
305443092
458164638
687246957
531748259
298500212
447750318
671625477
508316039
263351882
395027823
93419558
140129337
709316182
65729920
98594880
147892320
221838480
332757720
499136580
748704870
124812952
187219428
280829142
421243713
132743393
698237266
49111546
73667319
609623155
415312556
622968834
934453251
902557700
355592197
34266119
550521355
326659856
489989784
734984676
104232661
655471168
983206752
476565775
215726486
323589729
984506770
478515802
717773703
577538378
866307567
800339174
202264408
303396612
455094918
682642377
524841389
288139907
931332037
897875879
847691642
273293110
409939665
115787321
672803158
10960384
16440576
24660864
36991296
55486944
83230416
124845624
187268436
280902654
421353981
132908795
698485369
548605877
323786639
984802135
978081026
468877186
703315779
555851492
833777238
252421504
378632256
567948384
851922576
279639511
918581443
878749988
319880629
978943120
470170327
206133314
309199971
962922133
945261023
918769358
379909684
569864526
854796789
783073007
675487334
14986648
22479972
33719958
50579937
574992082
862488123
794610008
193670659
789628165
685320071
528857930
793286895
690808166
37967896
56951844
85427766
128141649
691334650
38757622
58136433
586326826
879490239
820113182
231925420
347888130
521832195
283626116
425439174
638158761
458115965
188051771
781199833
672677573
509894183
265719098
398578647
98745794
148118691
721300213
582828143
375120038
562680057
344897909
18224687
526459207
290566634
435849951
154652750
231979125
847090864
272391943
907710091
862442960
295420087
942252307
914256284
373140073
60587933
590004076
885006114
329264818
493897227
241723664
362585496
543878244
815817366
225481696
338222544
507333816
761000724
143256733
714007276
72766561
608272018
912408027
869489864
305990443
958107841
938039585
907937201
862783625
795053261
693457715
541064396
811596594
219150538
328725807
992210887
989194154
485546878
728320317
593358299
390915272
586372908
879559362
321094690
481642035
223340876
335011314
502516971
254653280
381979920
572969880
859454820
290937877
935528992
405049135
108451526
162677289
743138110
116462812
174694218
262041327
892184167
839154074
260486758
390730137
86973029
629581720
944372580
418314517
128349599
691646575
538347686
807521529
712160117
569117999
354554822
531832233
298626173
947061436
422347801
134399525
700721464
52837843
578378941
368446235
53547176
80320764
120481146
180721719
770204755
656184956
984277434
478171798
717257697
576764369
366024377
49914389
573993760
860990640
293241607
938984587
909354704
365787703
49559378
74339067
610630777
416823989
126113807
688292887
533317154
799975731
700841420
53017777
578648842
867973263
802837718
206012224
309018336
463527504
695291256
44692531
566160973
350119283
26056748
39085122
58627683
587063701
381473375
73087886
109631829
663569920
995354880
494787967
243059774
364589661
47762315
570765649
357026297
36417269
553748080
830622120
247688827
870655417
